f
GAZP
23673512900
154.46 156.84 157.44 154.15 154.2 154.01 157.5 158.48 157.48 157.99 155.6 154.2 153.3 150.85 149.9 148.25 150.5 147.74 150.4 153.8 150.54 150 149.8 148.85 149.4 148.5 148.12 145.35 142.87 141.1
119.16 120 122.95 122.81 122.19 123.26 124.36 125.01 124.81 125.67 125.39 125.1 118.48 120.43 120.21 118.53 119.13 118.35 119.11 118.16 116.7 116.82 118 119.15 119.3 119.32 119.47 119.4 118.7 117.55
131.03 132.5 135.6 138 140.49 143.21 144.21 144.32 143.17 144.51 148.79 149.82 149.1 150.91 148.59 150 149.37 146.67 143.9 142.98 143.4 145.68 142.87 141.51 142.43 140.48 135.99 136.95 138.12 140.01
154.13 156.71 158.75 158.88 159.75 160.2 159.7 160.97 158.5 157.4 158.16 159.02 157.86 158.24 159.78 161.61 162.4 160.1 162.51 166 162.49 163.49 163.45 164.41 162.89 159.16 160.4 161.5 164 157.35
234.1 246.25 246 251.6 255.32 250.09 248.69 250.75 250 247 246.98 240.01 223.56 219 219.5 215.97 217.5 218.47 208 217 234.12 236.1 237.41 234.54 231.1 226 223.62 226.9 230.51 231.45
TATN
2178690700
426.45 444.9 445.35 423.2 423.5 424.05 426.6 431.75 437.2 432.5 427.15 423.25 418.65 411.15 410.85 405 412.35 411.7 429 428 419.75 407.7 409.5 404.5 406.5 401.95 398.8 405.9 400 399.65
376.7 389.25 383 370 368.8 367.5 366.5 368.95 374 376.8 378.3 378.15 371.05 385.05 384.5 385.15 385.5 380.4 390.15 385.6 381.5 392.6 390.1 392 390.7 385.8 387 398.2 393.2 388
479 486.8 502 503.9 510.25 513.3 508 516 516.3 524.5 545 556.5 552.8 570 562.5 570 572.65 578 575.5 562.5 567.4 576.8 577 554.9 547.5 559.5 550.1 542.05 538.45 550
737.9 732.1 716 722.2 718.2 730.5 728.2 726 722.5 725.1 734 740.3 734.9 748.1 782.9 775.9 793.5 789.1 799 810.1 802.4 808.1 805.2 808 802 800.9 787.3 782.5 784.7 756.9
779.8 768.9 774.6 752.7 763.8 762.7 758.6 751.3 750 740.1 728.1 717.3 726.5 739.6 735.6 744.1 734.6 751.7 742.9 738.9 734 735.1 737 741 751 731.9 722.6 739 734.3 737.5
SBER
21586948000
173.4 178.9 176.31 172.4 171.37 168.35 171.5 170 168.79 165.22 164.67 165.9 165.46 166.55 167.33 167.37 170.5 170.85 173.89 177.5 174.37 172.59 173.94 173.03 174.71 173 173.2 171.91 169.05 166.05
146.65 147.5 149.39 149.2 149.65 152.48 155.55 157.53 161.46 159.9 161.8 162 161.3 164.06 163.99 161.21 161.66 160.71 162.41 165.37 165.53 165.5 166.6 170 169.49 170.47 173 174.8 173.75 171.26
226.88 232.13 238.89 239.03 240.4 237.76 238.92 239 239.01 238.62 240.5 245.15 242.97 244.77 244.2 247.9 249.3 247.5 248.53 257.5 265 263.69 254.85 250 263.9 256.4 249.03 253 255.87 259.07
186.37 188 191.65 192.71 196.25 197.11 195.7 197.4 198.64 201.66 204.6 208.91 206.66 207.78 210.4 212.76 212 209.71 213.8 215.17 218 216.25 216 217.9 216 210 211 214.8 219.62 208.5
240.98 242.51 241 241.97 242.91 242.13 243 243.1 244.5 241.29 237.9 234.68 234.32 234 236.34 233 230.5 233.7 230 232.4 230.75 233.03 237.5 232.15 224.91 219.72 222.82 225.85 224.6 224.05
VTBR
12960541337338
0.0738 0.07398 0.07326 0.07155 0.07134 0.07079 0.07106 0.07047 0.0697 0.0693 0.06956 0.0697 0.06862 0.06865 0.0687 0.06868 0.06865 0.0687 0.06937 0.06985 0.0693 0.06899 0.06948 0.06904 0.0696 0.06876 0.06878 0.0688 0.0687 0.0685
0.06392 0.06443 0.06422 0.06405 0.06365 0.0637 0.06393 0.06387 0.06395 0.06367 0.06383 0.06379 0.06345 0.06414 0.06488 0.0636 0.0635 0.06343 0.06377 0.0634 0.06113 0.0598 0.0602 0.0617 0.06171 0.06099 0.0622 0.06196 0.06198 0.0604
0.04733 0.0495 0.05028 0.05039 0.051 0.0505 0.0506 0.05122 0.051 0.05061 0.05135 0.05089 0.04978 0.05015 0.04962 0.0491 0.04981 0.04919 0.04891 0.04895 0.04934 0.0494 0.04883 0.0484 0.04757 0.04763 0.047 0.04754 0.04719 0.04771
0.033905 0.03424 0.0347 0.035 0.035 0.03512 0.035 0.035335 0.0356 0.03568 0.035805 0.03718 0.03685 0.03714 0.0376 0.03702 0.037015 0.03694 0.037385 0.03765 0.03761 0.03797 0.038445 0.03821 0.03757 0.03685 0.037105 0.037795 0.037995 0.0364
0.04019 0.04038 0.04032 0.040615 0.041465 0.04125 0.04255 0.043295 0.04415 0.043805 0.044145 0.043995 0.043 0.042395 0.04245 0.04255 0.043595 0.04346 0.043 0.043055 0.04277 0.0429 0.042825 0.042395 0.041995 0.04194 0.04169 0.041605 0.041085 0.0409
ALRS
7364965630
97.5 100.54 101.4 101.58 101.17 99.4 102 98.4 101.55 101.5 101.47 99.3 101.08 100.44 99.78 102 105.5 104.49 104.63 107.59 107.05 106.5 105.69 103.89 104.85 104.24 105.59 104.55 104 103.78
86.79 88.77 89.1 90.11 90.4 93.84 93.32 94.16 90.4 95.5 96.25 96.88 89.9 89.05 87.39 85.01 85.35 84.3 86.08 85.59 83 83.53 85.02 84.9 84.12 81.9 82.12 82.05 83 81.22
75.21 75.79 77.42 77.3 76.99 76.68 76.89 75.92 76.5 76.4 79.6 81.1 82.83 84.06 84.01 82.13 83.49 81.7 80.5 81.5 81.45 82.44 81.3 81 81.43 83.99 85.62 85.38 86.4 86.3
98 100 101.4 98.7 101.5 103 103.51 103.75 103.54 104.27 102.92 103.55 102.24 100.17 100.61 100.91 101.4 98.8 97.64 97.7 98.35 99.41 97.99 99.19 99.5 99.7 98.8 99.41 98.7 96.4
86.5 85.2 85.33 84.38 87.1 86.82 87.1 86 84.71 79 79.89 79.5 79.93 79.59 79.52 78.75 78.29 79.36 80.86 81.09 81.94 82 81.55 81.21 80.11 78.98 77.94 77.8 77.46 75.5
AFLT
2444535448
153.98 152.87 149.02 148.21 147.02 143.21 148.07 147.5 157.23 157.3 159.77 159.3 163 160 160.5 159.02 161.3 166.61 165.5 168.5 171.3 174.15 175.25 177.1 178.55 177.2 172.35 172.85 178.15 178.5
195.3 197.85 199 204.3 215 213.9 217.65 217 209.95 211 212 209 209.75 214.75 214.2 207.5 204.95 204.5 208.95 207.2 203 202.2 206.35 204.8 204.3 205 205 210.3 209.5 205
139.1 140.4 149.2 147.2 150.8 149.55 148.3 145.6 146.6 140.3 138.35 136.9 139.6 139 138.75 138 137.05 130.6 137.35 133.3 134.05 135.1 133.05 136 136.3 136 135.75 139.95 139 140.4
101.9 101.5 101.5 101.14 102.88 105.14 104.68 106.7 106.4 108.34 109.58 107.08 105.8 105.24 105.78 105.78 105.9 105.76 106.1 109.08 108.06 105.68 100.3 102.8 101.6 102.46 102 102 102.12 100
102.12 101.06 101.48 102.52 110.94 108.98 108 106.9 109.16 107.52 109.5 108.7 107.6 107.96 107.86 108 108.08 108.32 107.3 107.98 107.7 107 106.7 107.24 105.56 106.62 103.38 104.56 105.36 109.28
MOEX
2276401458
125.59 128.42 129.99 127.75 126.37 127.8 129.3 134.61 137.04 134.69 133.22 129.99 131.8 131.16 130.7 130.5 131.5 132.3 136.45 138.69 135.86 134.5 134.8 134.14 135.8 135.02 133.67 131.8 131.8 130.69
104.95 105.62 106.17 107.85 108.62 109 112.17 111.43 114.68 114.77 111.6 112.15 109.98 113.99 112.36 109.15 110.32 110 110.45 109.98 109 107.5 109.3 110.74 109.05 109.87 110.9 114.5 114.76 112
109.25 109.16 109.17 108.35 109.25 113.68 115.2 113.44 113.73 112.1 112.88 113.4 111.5 113.7 114.56 115.08 116.36 115.42 117.75 116.99 115.49 116.93 114.76 114.26 114.29 113.5 111.75 111.34 110.98 111.6
80.95 84.5 84.46 84.21 84.06 84.77 87.56 88.67 88.75 90.25 90.61 93.39 94.1 94.39 94.1 91.96 91.35 90.13 91.62 92.11 92.61 93.94 92.75 91.88 91.49 89.89 90.3 90.62 90.29 87.98
90.5 90.9 92.18 92.92 94.4 95.05 96.47 95.32 94.7 94.7 94.3 95.01 93.69 92.7 93.5 93.05 92.35 91.6 90.19 92 91.7 92 93.44 93.14 91.8 92.04 93.38 95.1 95.57 95.2
NLMK
5993227240
115 116.5 116.55 112.5 112.98 112.2 115 115.29 116.01 113.44 113.26 113 114 112.18 110.85 109.73 112.55 112.81 116 116.98 116.41 118.44 120.09 119.46 120.3 117.81 118.24 121.5 121.3 121.16
116 117 118 119.65 121 120.5 120.59 122.96 124.41 123.47 123.88 124.04 126.01 126.69 124.15 124.78 124.55 123.52 127 125.01 123.2 125.54 125.53 128 129.02 129.95 133.49 133.39 134.88 133
147.35 148.5 148.5 147.17 149.24 149.89 149.85 152.82 152.33 150.1 151.51 152.49 155 156.7 153 150.11 153.63 153.3 152.29 150.31 147.48 150.1 145.89 144.06 144.8 146.7 140.86 139.05 143.72 148.4
155.86 156.8 150.98 150.36 153.52 154.48 154.2 152.7 150.88 150.88 152.3 151.9 151.7 149.98 148.78 146.74 149.02 149.84 150.36 153.34 152.9 157.4 158.06 157.62 160.14 158.08 156.72 157.9 158 153.88
160.96 159.08 160.74 157.7 157.72 156.82 158.5 157.4 156.32 152.62 152.52 154 155.76 156.4 156.06 155.48 156.44 156.38 154.2 154.1 152.4 152 150.78 150.22 148.6 146.8 145.54 145 145.1 145.18
CHMF
837718660
944 940 952 941.9 941.9 953.8 959 962 950.6 940 952.2 941.4 940 933.4 912.7 901.4 927 936.2 979 984 962.1 953.4 978.8 950 931.7 956.4 937.1 932 908.7 910.1
777.9 793 804 815 809 806.9 801.5 823 844 831.9 833 835 833.1 859.7 843 818.6 837.7 840 843 838.3 823 834.8 841.7 854.9 845.6 849 856 857 861.5 845
888.1 896.1 908 919.2 938.9 948 952.6 963.8 963 943 941.8 936.1 955 967.9 935.4 931 948 952.3 934 927 921.5 944.7 917.9 909.9 919 929.8 907.3 911.2 917.1 944
940 934 952 953.1 972.5 970.2 969.8 959.9 954.9 952.1 953.7 956 951.6 946 944 927.9 951 953.1 955.2 979.3 1000.2 1015.2 1030 1024 1016 1020 1021 1033.6 1034.8 1002.8
1074.4 1070 1080 1078 1065 1048.6 1065 1071.4 1079 1054.2 1049.6 1043.2 1049.4 1051.6 1061.2 1048.6 1056.2 1051 1038.6 1038.8 1028.6 1032 1021.8 1025 1014 1002.2 996 992.6 994 990.6
DSKY
739000000
90 85.6 85.5 85.2 85.09 84 84.9 84 84.79 84.01 84.9 84 84.9 86 83.51 83.95 83.47 84.7 83.11 81.25 82.16 81.99 81.9 78.48 77.69 75.38 79.4 80.4 81.49 81.92
94.41 94.2 92 89.99 89.61 91.99 92 91.67 91.46 89.43 90.41 89.26 86.57 88.6 89.95 89.4 89.77 89.38 89.18 90.9 89.34 91.1 92.5 92 90.05 90.8 90.75 90.65 92.05 91.5
96.4 96.6 99.5 99.2 98.5 99.6 100.95 99.9 99.7 98 98.55 98.5 97.45 97.75 96.4 93 93.15 93.2 93.5 93.15 92.8 91.75 92.6 91.35 91.95 92.4 91.75 91.4 91.25 90.8
90.44 90.56 90.5 91.32 91.26 91.2 91.18 91.92 91.22 91.7 91.62 91.98 92.3 92.02 92.8 92.38 92.44 91.68 90.94 90.98 90.8 90.3 90.8 91 90.8 89.74 90.2 90.78 90.4 89.98
85.8 85.42 85.64 85.8 86.72 87.16 87.02 87.1 87.88 87.54 87.86 88 88.66 89.32 90.8 91.5 90.02 90.32 89.54 89.48 89.98 89.94 88.2 89.36 89 88.8 89.24 89.28 89.54 89.94
POLY
473626239
639 645 666 658.5 662.5 665.5 674 682 675 669.5 672 689.5 685.5 686 684 694 700.5 700 669.5 669 677.5 692 713.5 700 700 699 713 726 715 730
661 665.5 668 684 679.5 664 673.5 680 677 684 695 703 706 691 693 694 694.5 705.5 714 716.5 718 732 734.8 725.4 731.1 708.4 709.7 710 734 740.3
710 716.6 715.7 717.1 702.2 711.1 706.7 710.5 719.7 695 685.4 684.3 693.5 696.6 686.9 687.4 678 677 672.3 661.5 665.9 658 640.8 631.5 627.4 607.7 601.4 607.9 610 617.2
736 746.9 748 730 739.5 738.8 740 740.4 738.8 730.3 726 727 721.7 732.2 731 728.8 735.5 737.6 746.5 745 747.7 746.9 740.7 739.2 732.6 728.4 723.4 725.4 732.9 723.9
790.2 785.6 806.6 806.2 814.9 821.3 825.9 787 776.4 771.9 772.6 778.7 773.7 776.8 784.4 788.5 789.2 787.9 794.1 804 781.5 783.4 780.3 765.8 769.2 791 789 809 836.2 837.1
YNDX
323800479
1256 1247.5 1246.5 1290 1295 1321.5 1309 1293.5 1272 1284.5 1291.5 1296 1304.5 1315 1310.5 1301.5 1350 1394 1411.5 1408.5 1375 1380 1391 1370.5 1394 1358 1367.5 1363 1360 1357
1553 1549 1570.5 1569.5 1574.5 1597 1604 1613 1640 1909.5 1865 1865.5 1879 1850 1840 1856 1925 1903 1900 1837.5 1764 1758 1756 1710 1751 1770.5 1817 1794.5 1864 1774
1919 1943 1966 1957.5 1963 1963.5 1955 1958 1964 1993 2050 2112 2095.5 2131.5 2159.5 2138.5 2135 2191.5 2176.5 2160.5 2183 2190.5 2145.5 2073 2106 2137 2090.5 2101.5 2124 2155
1918.5 1861.5 1933 1936.5 1970.5 1983 1985 1993.5 1997.5 1979.5 2024 2048.5 2033 2039 2057 2099.5 2170 2176.5 2147 2180.5 2200.2 2195 2220 2261 2230.8 2189 2170 2206 2233 2229
2420 2482.8 2501.2 2499.6 2494.8 2488.6 2456.2 2493.4 2503.6 2509.2 2565 2538.2 2554.8 2499.2 2506 2491 2496 2497.2 2520 2456 2436 2486.6 2481.4 2488.6 2489.8 2449.8 2381.4 2419 2417.2 2425
AFKS
9650000000
23.215 22.99 23.395 23.3 23.49 23.475 23.315 23.205 23.4 24.495 24.39 23.86 24.07 25.2 25.19 24.805 24.93 24.8 24.845 24.84 24.495 23.98 23.995 23.7 24.38 23.495 24.3 24.14 24.01 23.85
12.24 12.4 12.895 12.58 12.49 12.4 12.47 11.89 12.12 11.965 11.88 11.62 11.39 11.3 11.075 11.31 11.17 11.06 11.11 11.21 11.06 12 11.89 12.005 11.985 11.835 11.525 11.3 11.61 11.435
12.485 12.365 12.385 12.545 12.785 12.695 12.615 12.77 12.76 12.67 12.68 12.655 12.51 12.705 12.625 12.5 12.4 12.115 12.265 12.175 12.14 12.265 11.95 11.7 11.635 11.56 11.295 11.96 12.66 12.39
8.03 8.043 8.245 8.207 8.301 8.32 8.44 8.47 8.5 8.5 8.841 9.19 9.605 9.51 9.54 9.33 9.55 9.52 9.575 9.596 9.609 9.532 9.6 9.95 9.899 9.635 9.54 9.695 9.859 9.658
9.892 10.2 10.576 10.98 11.62 11.583 11.67 11.59 12 11.9 11.898 11.907 11.501 11.633 11.66 11.888 11.842 11.716 11.875 11.747 11.75 11.888 11.95 12.025 11.886 11.75 11.751 11.8 12.08 11.935
LSRG
103030215
952 975 980 977 976.5 1001.5 1011.5 1014.5 1034 1044.5 1050 1027.5 1022 1004 1012 1004 1000.5 1001 1010 1002 1002.5 1003.5 998.5 991 1000 1000.5 984 970.5 976 968.5
819.5 819 834.5 833 843 869.5 870 847 866 861 861 870 865 825 800 805 775.5 788 769 758 730 735 734.5 739.5 760 751 776 781 781 771
820.5 826.5 819 825.5 828 822 842.5 860 872.5 844 835 826.5 820 840 837.5 841 845.5 835 850 843 849 831 820.5 811 823.5 829 800 826 824.5 825.5
595 601 608 622.2 629.8 631 621.2 625 615.4 618.2 613 619.8 621.8 622.8 629.6 648.4 666.8 668.4 659.8 653.8 656 657.8 652.8 655 655 647 645 651 651 645.2
789.8 799.8 794 791 785 787 725 754.6 758 750.2 750.4 748.8 744 755 768 771.6 765 770 762 760.2 753.8 750.2 765 773.6 768 765 747 747.6 756.2 763
LSNG
8523785320
5.535 5.495 5.51 5.62 5.62 5.56 5.55 5.595 5.565 5.47 5.465 5.43 5.45 5.555 5.55 5.51 5.5 5.415 5.435 5.415 5.505 5.465 5.48 5.475 5.575 5.695 5.765 5.68 5.65 5.665
4.49 4.5 4.565 4.505 4.77 4.715 4.795 4.81 5.05 5.095 4.96 4.82 4.915 4.935 5.035 4.905 4.98 4.865 4.94 4.905 5.1 4.77 4.785 4.805 4.785 4.895 4.95 4.885 4.915 4.81
4.89 4.91 4.885 4.91 5.015 5.15 5.225 5.3 5.18 5.08 5.165 5.245 5.3 5.39 5.31 5.305 5.33 5.285 5.05 5.23 5.235 5.17 5.21 5.08 5.07 5.11 5.08 5.02 5.06 5.12
5.3 5.3 5.38 5.47 5.58 5.59 5.57 5.74 5.7 5.68 5.62 5.8 5.8 5.73 5.9 5.86 5.87 5.81 5.77 5.79 5.83 5.76 5.71 5.66 5.7 5.75 5.73 5.8 5.9 5.76
5.7 5.69 5.72 5.75 5.75 5.77 5.78 5.71 5.74 5.75 5.73 5.69 5.69 5.71 5.7 5.68 5.68 5.62 5.67 5.68 5.7 5.75 5.85 5.89 5.92 5.83 5.83 5.74 5.7 5.77
LKOH
692865762
3445 3560 3484 3380.5 3373 3372 3387.5 3404 3300 3295 3240 3240 3233 3192 3196 3185 3194 3218.5 3372.5 3470.5 3406 3375 3380 3372 3380.5 3337 3370 3311 3275 3261.5
2882.5 2928 2928 2952.5 2885 2859 2861 2882 2920 2914 2930 2866.5 2834.5 2896.5 2881.5 2838 2826.5 2846 2834.5 2835 2803 2811.5 2865 2940 2915.5 2901 2923.5 2957.5 2944 2890
3340 3428 3499.5 3575 3640 3644.5 3677 3932 3887 3846.5 3866 3850 3830 3870 3841 3860 3824.5 3825 3753 3700 3733 3754 3770 3677 3686.5 3715.5 3650 3639 3662.5 3735
4984 5021 5037 5050 5048.5 5153.5 5187 5213.5 5197 5120 5194 5207 5187 5190.5 5185.5 5196 5212 5150 5184.5 5240 5267.5 5333 5363.5 5439 5444 5369.5 5381.5 5421.5 5434 5312
5358 5388 5378 5346 5469 5326 5357.5 5374 5368.5 5266 5254 5177 5190 5197.5 5185 5215.5 5175 5204.5 5147 5094 5076 5085.5 5111 5205.5 5168.5 5130 5135 5234 5236.5 5275
MTSS
1998381575
259.95 262.85 260.8 259.45 257 258.4 255.05 259 259 262.1 262.8 264 263.55 270.15 272.9 267.8 266 268 277.45 277.5 275.55 277 279.4 274.55 275.75 272.7 274.95 272.45 272.35 272
235 237.25 239.3 237.05 224.8 225 225.65 227.6 230.95 233 236.4 234.05 232.05 230.8 232.5 230.6 233.75 236 237.05 238.3 236.9 236.65 236.85 240 243.45 241.9 240.7 243.1 241.45 240
276 277.3 282 281 283.55 284.4 292.85 294 294.7 289.05 288.95 290.35 292.4 296.9 302.05 300 304 306 303.8 303.45 307.5 310 302 298.65 304 300.05 294 294.45 301 304.45
240.9 240.4 248.6 252.5 251.15 254.8 251.6 252.55 252.5 255.5 256.3 257.95 259 258.5 263.8 264.75 261 257.7 260.2 262 260.65 263.1 263.95 265.1 262.8 260.2 252 252 255.35 252.4
286 286.5 280.95 283.8 282.95 267.7 268.9 271.15 269.35 266.9 268.6 268.3 265.5 264 262.5 263.2 262.95 264.55 265.5 265.5 265.6 265.05 267 263.9 261.55 261.05 258 260.75 260.1 260
NVTK
3036306000
795 780 777 754 758.9 755.4 766.7 756.4 754.8 739.9 741.1 737.8 732.9 721.1 721.1 705.9 738.1 754.9 769 772.1 771 760 764 748.1 763.3 759.5 761 754 735.2 744
645.5 659.2 657 653.1 643 636.1 641.3 641 639.7 631.7 626.3 627 614.9 625 625.1 618.6 623.2 616 614 614.8 605 611 613.1 625.7 615.7 610.2 615.8 621.1 615.5 614
679.8 695.2 695.5 704 695.2 685 689.1 680 693.4 689.9 689.2 693 700.1 704.1 705.9 710.5 717 720 710 708 725 732.9 730 709 731.9 736 727.5 720 716 720.3
1129.8 1118 1138.9 1125.2 1125 1132.5 1128.5 1129.3 1131.3 1130 1130 1132 1121.5 1122 1118.7 1104 1115.1 1121 1135 1145 1144.4 1126 1138 1144 1126.4 1121 1129 1115.4 1123.8 1080.8
1345 1310 1307.6 1299.8 1307 1309.8 1310 1328.8 1318.2 1317 1299.6 1274 1279.6 1303.8 1299 1292.8 1297.8 1299.2 1310 1319.2 1330.2 1336.4 1323.2 1315 1326 1287.6 1289.6 1297 1305.4 1327.8
PIKK
660497344
292.6 291.9 290 287.2 288 288.6 288.7 286.7 284 286.3 287.8 286.6 288.3 274.8 273.8 282.9 283.3 288.7 285.4 285 285.7 284.7 284.2 284.4 282.4 283.9 284.1 284.7 291 294.5
296.2 304.5 311.2 303.1 298.4 299.4 296.2 293.7 294.7 292.2 298.4 301.6 295.3 298.6 297.2 295.5 294.6 282.9 288.7 293.2 288.1 293.2 292.3 296 293.6 292.7 290 291 291.6 290.9
327.6 326.1 326.8 327.1 324.1 325 327 317 315.3 310 317 308.4 298.1 304.5 310.4 312.1 311.4 308.2 304.6 306.8 308.5 305.6 306.9 307.4 305.5 304.4 304.8 305.7 305 314
375.2 376.6 375.4 376.3 373.2 375.4 370 369.7 368.9 365 359.2 358.5 362.4 364.3 360.9 363.6 362.8 361 356 360.8 353.5 351.7 354.5 356.6 353.5 355.8 355.6 351.8 350 352.2
374.8 373.5 374.1 370.9 371.8 377.7 373.2 374.5 374.4 374.8 374.4 380 380.1 385 385.2 379.9 380.4 382.9 383 383.7 389.2 396.9 396.2 390 387.6 392.5 406 395.9 392 385.9
