GAZP
23673512900
135.89 134.66 136.31 133 130.4 134.17 130.99 130.31 124.8 125.52 123.6 126.01 129.99 133.14 131 132.14 133.9 137 136.01 133.05 131.9 133.16 134.5 134.3 132.98 132.06 132.87 131.17 132.01 134.5
147.02 147.2 145.1 144.87 144.93 144.22 145.7 147.3 149.1 153.34 150.69 146 146.5 155.88 164.76 162.11 160.81 159.82 163.88 161.03 164.6 166.37 161.3 160.7 158.78 157.24 160.95 159.3 159.98 155.1
139.81 140.75 141.7 140.94 140.31 139.52 140.8 141.6 142.01 143.51 143.95 147.4 139.01 139.48 140 139.7 140.6 140.94 140.2 139.05 139.5 137.73 137 134.5 134.9 136.6 136 137.11 137.39 137.04
135.1 135.5 136.31 134.88 135.89 136.17 139.14 138.52 137.7 137.55 136.1 136 136.11 135.79 135.1 135.24 135.25 135.11 135.32 135 136.3 139.12 141.49 140.5 140.5 138.86 138 146.45 147.4 148.6
149.54 152.81 152.17 153.97 151.56 152.49 153.5 154.15 158.35 159.01 155.77 158.48 157.18 154.51 155.69 153.49 150.28 149 149.05 150.74 150.74 153 154.46 156.84 157.44 154.15 154.2 154.01 157.5 158.48
TATN
2178690700
318.5 307.15 313.2 310 302.25 307.55 300 300 282 287 293 289.2 301.1 321 316.8 308.3 314.1 327 338 330.45 322 322.6 338 334.05 320.6 323 321 315 328.3 329.75
358.55 354 355.75 352.7 352.6 361.25 359 358.75 357.45 355.75 348.05 345.7 345 341.1 343.45 334.15 342 351.95 353 353 355.1 334 331.7 323.25 320 321.5 323.45 320.2 327 322.3
330.45 331.95 326.9 321.2 314.1 312.7 311.2 318.45 324.5 317.05 318.9 325.5 323.25 321.65 318.8 321.15 320.5 322.85 317.3 318.2 321.7 319.45 319 314.45 316.6 327.5 329.35 329.25 325.05 323.85
321.7 320.6 324.25 325.2 326.8 325.9 323.55 326.15 328.45 330.65 327.35 331.25 334 331.25 333 331.8 331.3 337.5 334.7 333.15 336.55 354.85 361.5 355 356.15 359.5 347.5 365.6 377.95 360.8
391.3 396.5 398.85 414.8 420.25 422.25 419.85 422.4 394 407.4 393.3 405.5 405 399.15 409.9 410 397.4 392.35 397.55 403.05 410.3 420 426.45 444.9 445.35 423.2 423.5 424.05 426.6 431.75
SBER
21586948000
101 97.88 98.7 93.61 89.09 92.75 91 92.44 86.01 87.39 84.89 84.25 88.97 92.55 89.06 91.98 95.77 97.47 96.27 95.7 93.91 98.56 97.01 97.05 94 93.5 95.71 95.14 96 95.99
109.3 108.21 107.24 107.63 108.99 108.98 113 117.27 118.1 119.01 118.95 117.12 118.9 120.5 124.99 119.68 121.01 119.98 120.25 121.31 124.43 121.5 121.46 120.27 119.8 120.01 123.46 121.5 122.2 122.85
133.38 134.65 133.9 131.51 130.49 130.63 134.92 137.55 140.29 140 139.39 138.43 139.75 139.55 139.3 137.86 138.2 136.2 136.1 137 136.57 140 138.45 134.73 136.47 137.48 139.01 139.21 139.2 138.16
146 149.1 148.14 148.34 149.6 149.33 150.89 151.2 148.64 146.65 146.5 147.48 148.39 148.8 148.01 149.21 149.74 151.23 150.57 149.4 148.99 147.9 144.51 142.8 143.8 144.25 143 151.88 153 152.5
159.99 158.45 158.76 161.99 159.82 160.7 169.65 172 175 177 171.5 175.61 174.76 174.17 176.68 174.49 169.8 171.3 172 173 170.05 171.7 173.4 178.9 176.31 172.4 171.37 168.35 171.5 170
VTBR
12960541337338
0.07951 0.0768 0.0755 0.0738 0.07163 0.07425 0.071 0.07139 0.06937 0.07045 0.0684 0.06749 0.0682 0.07055 0.06775 0.06781 0.06875 0.07186 0.0734 0.07283 0.07013 0.07095 0.07178 0.07127 0.06972 0.06871 0.06895 0.06834 0.0704 0.0712
0.07639 0.074 0.07495 0.07445 0.07447 0.07441 0.07494 0.07671 0.07533 0.07666 0.07489 0.0738 0.0736 0.0732 0.074 0.07174 0.0719 0.07141 0.07088 0.07075 0.07125 0.0694 0.07017 0.06975 0.06855 0.06854 0.0698 0.06888 0.06944 0.06971
0.06735 0.0677 0.06722 0.06676 0.0675 0.06753 0.0685 0.06905 0.06906 0.0679 0.0683 0.06823 0.06853 0.06711 0.06723 0.06739 0.06744 0.06788 0.06796 0.06858 0.06825 0.06793 0.06696 0.06719 0.06733 0.06855 0.06785 0.068 0.06793 0.0675
0.0721 0.07194 0.07148 0.07 0.07015 0.07031 0.07065 0.0701 0.06853 0.06856 0.068 0.06794 0.06812 0.0688 0.0672 0.06734 0.06886 0.06912 0.06915 0.06818 0.06817 0.068 0.0683 0.0676 0.06799 0.06777 0.067 0.06931 0.0689 0.06879
0.06968 0.06849 0.0686 0.0688 0.06805 0.06844 0.0695 0.07589 0.0736 0.0736 0.0716 0.07255 0.07374 0.07255 0.0727 0.07186 0.07151 0.07229 0.0715 0.07279 0.0729 0.07399 0.0738 0.07398 0.07326 0.07155 0.07134 0.07079 0.07106 0.07047
ALRS
7364965630
56 55.01 57.5 56.9 56.06 58.27 57.45 56.82 53.05 53.9 53.35 54.54 57 57.2 56.4 59.9 60.88 61.3 61.7 62.27 64.81 67.8 68.55 66.6 64.53 62.67 62.3 64.46 67.77 69.2
69.94 70.57 70.17 69.5 70.15 70.29 72 71.87 72.36 71.41 71.05 71.09 70.86 73.65 76.18 75.08 74.62 75.2 74.39 74.5 74.26 73.4 73.82 72.7 72.47 72.08 72.5 72.88 73.4 76.33
69 69 70 69.97 68.8 67.7 68.47 68.09 69.23 71.95 70.4 69.11 68.93 70.9 70.2 70.29 70 70.26 70.46 70.66 71.97 71.5 71.34 71.15 72.1 72.98 73.55 73.85 73.8 73.95
86.87 86.7 89.09 88.2 92.89 94.5 91.56 91.9 90.11 87.01 85.1 88.84 88.01 87.39 86.99 87.22 87.65 88 87.34 87.79 88.8 89 88.85 86.62 85 82.42 80.38 82.92 85 88
93.17 92.65 92.88 94.6 93.5 91.3 91.74 93.6 95.13 98.6 99 99.06 98.13 97.5 97.11 97.79 97.1 95.98 97.27 96.19 96.64 95.93 97.5 100.54 101.4 101.58 101.17 99.4 102 98.4
AFLT
2444535448
55.98 55.7 54.5 53.4 51.96 53.12 54.57 53.4 51.31 51 51.85 52.44 52.3 52.6 50.9 51.49 51 51.2 50.95 54.4 54 54.1 54.7 57.3 57.5 56.5 55.52 53.9 54.94 54.5
74.25 74.89 74.65 75.3 78.85 78 78.93 82.2 79.55 78.41 77.84 77.08 77.1 77.7 78 75.15 78.59 76.28 75.3 75.3 76.18 77 77.74 78.37 78.27 79.45 79.2 80.6 80.63 82.2
85.49 86.24 85.11 86.5 86.5 86.79 89 87.88 89.01 90.88 87.78 88.27 87.75 86.8 87.5 85.22 87.5 87 86.2 86.1 86.19 85.75 86.05 86.04 86.37 86.72 87.2 86 86.4 85.4
116.94 119 123 120.62 121.98 118.77 115.52 122 119.9 116.9 115.55 119.5 118.89 120.03 123.64 127 130 128.36 128.05 126 130.38 130.6 134 134.54 130.71 128 122.7 129.92 128.82 130
135.99 135.7 136.46 139.51 139.5 142.7 146 153 149.05 150.6 146.89 150.4 150.2 149.3 157.41 158.5 155.31 153.4 155 153.45 152.51 152.02 153.98 152.87 149.02 148.21 147.02 143.21 148.07 147.5
MOEX
2276401458
91.32 91.83 94.34 92.25 94.4 93.89 91.87 91.65 85.9 92.11 89.58 90.67 91.12 90.77 89.9 90.27 93.4 93 95.25 96.15 95.8 95 93.19 93.39 91.25 90.8 91 89.81 90.3 90.75
104.7 105 103.06 103 103.19 103.2 104.48 104.21 104.9 104.31 102.59 100.87 104.2 106.7 109.75 109 109.95 108.5 104 103.6 104.49 101.7 105.63 106.22 104 102.8 106.27 101.7 104.77 103.75
112 112.47 112.47 110.15 111.47 112.93 115.2 119.39 119.79 119.8 119 119.31 119.19 118.55 115.51 116.5 116.08 117.3 114.86 114.53 114.71 113.54 112.7 111 112 115.58 114.9 117.64 117.65 118.5
127.29 127.35 121.95 122.52 122.5 121.94 123.33 124.21 124 123.95 124.49 123.79 124.07 123.08 119.25 116.39 113.42 117.65 117.5 118.95 117.5 117.3 114.7 114.61 115 110.61 110 113.7 114.69 112.73
119.88 119.55 116.49 119 119.94 119.44 120.04 122.49 125 128.46 122.3 125.3 123.8 123.64 122.49 120.2 117.2 117.25 118.5 119.49 120.9 122.9 125.59 128.42 129.99 127.75 126.37 127.8 129.3 134.61
NLMK
5993227240
62.99 60.22 60.7 58.8 59.31 61.02 60.6 60.02 56.51 58.61 57.52 57.54 60.55 62.11 61.6 63.7 66.02 64.61 65.5 65.99 67.74 68.5 68.51 70.5 69.82 69.82 70.89 72.32 73.4 75
82.31 86.46 88.46 88.48 88.13 89.8 90.5 89.52 87.2 85.6 86.7 87.61 87.87 90.09 94.12 93.58 91.83 93.8 92.05 90.13 88.5 87.37 83.97 84.2 86.41 83.59 85.3 83.8 84.09 86.45
82.82 83.81 83.78 82.16 84 81.2 84.48 84.97 86.44 87.6 88.2 89.71 89.65 92.66 93.7 91.26 91.21 90.09 92.55 90.93 92.2 95.41 93.4 93.4 93.19 94.11 93.22 93.14 93.73 92
82.95 84.9 84.66 84.61 86.3 86.4 86.92 85.86 86.23 88.2 87.31 89.67 90.3 89.88 90 87.71 89.68 91.93 95 96.53 95.2 102.62 99.98 98.95 100.16 104.78 101.16 103.52 112.1 117.7
117.33 116.9 114.6 117.79 116.68 121 118.4 113.63 110.43 113.78 114.3 116.01 115.15 113.21 113.03 111.79 110.82 111.94 113.9 113.41 112.8 113.8 115 116.5 116.55 112.5 112.98 112.2 115 115.29
CHMF
837718660
608.1 598.8 612.8 634.3 615.3 621.4 609 611.9 600.9 628.5 625 642 666 643 642.6 648.5 654.7 622.9 622 634.9 630 630.2 643 634.5 639.5 647.5 648.5 664.9 659.9 652.6
709 732 748.9 744 740 739.1 733.1 760.4 752 766.8 785 782.1 776.7 778.1 796.1 806.6 819 829 775 769.5 758.3 729 714.5 716.6 718.9 688 688 688.9 692 683.6
700.7 679.2 684.3 691 701 678 660 669 694 694 711.6 728.8 730.1 738.8 747.7 738.6 747 749 763.3 763 766.4 791.6 771.3 773 786 796.3 792.5 793 812.8 790
755.6 767.2 789 797.7 798 799.7 809.9 817 816.5 809 808 821.9 800 813.8 823 826.5 832.2 826 855 867.9 863 888 861.7 846 843 863 851.1 878 920 935
969 962.9 974 970 1008.5 1009.9 1018 981 973 977.9 949.1 966.9 947.3 924.9 940 927.4 913.8 902.3 921.5 910 906.3 912.1 944 940 952 941.9 941.9 953.8 959 962
DSKY
739000000
90 85.6 85.5 85.2 85.09 84 84.9 84 84.79 84.01 84.9 84 84.9 86 83.51 83.95 83.47 84.7 83.11 81.25 82.16 81.99 81.9 78.48 77.69 75.38 79.4 80.4 81.49 81.92
90 85.6 85.5 85.2 85.09 84 84.9 84 84.79 84.01 84.9 84 84.9 86 83.51 83.95 83.47 84.7 83.11 81.25 82.16 81.99 81.9 78.48 77.69 75.38 79.4 80.4 81.49 81.92
90 85.6 85.5 85.2 85.09 84 84.9 84 84.79 84.01 84.9 84 84.9 86 83.51 83.95 83.47 84.7 83.11 81.25 82.16 81.99 81.9 78.48 77.69 75.38 79.4 80.4 81.49 81.92
90 85.6 85.5 85.2 85.09 84 84.9 84 84.79 84.01 84.9 84 84.9 86 83.51 83.95 83.47 84.7 83.11 81.25 82.16 81.99 81.9 78.48 77.69 75.38 79.4 80.4 81.49 81.92
90 85.6 85.5 85.2 85.09 84 84.9 84 84.79 84.01 84.9 84 84.9 86 83.51 83.95 83.47 84.7 83.11 81.25 82.16 81.99 81.9 78.48 77.69 75.38 79.4 80.4 81.49 81.92
POLY
473626239
612.5 622 629 631 631 605 606 610 601 598.5 593 610 620 611.5 616.5 611.5 632 625 624 641 667 677 688 686 699 686.5 687.5 715 701 679.5
653 650.5 655.5 661 654 658 656 673 664 662 658 661 654.5 668.5 674 665 679 675 672 671 664 670 651.5 636 654.5 645 657.5 726 711 730
884 894 902 916.5 987 929.5 913 937.5 937.5 949 942.5 934 921 924 878 886 892.5 889 919 909 984.5 977 975.5 984 992 975 973 961 970 973.5
789 785 747 703 676 664 663.5 659 655.5 669 656 657.5 682 679.5 682 680.5 674.5 679 676 684 680 691 730 746 729 714 728.5 767 721 682
607 599 609 595.5 601 606.5 628 617.5 586.5 583.5 624.5 602.5 601.5 597.5 595 590.5 603 600.5 602.5 611 610 639.5 639 645 666 658.5 662.5 665.5 674 682
YNDX
323800479
1148.9 1080 1131.9 1027.5 982.5 1004.1 995.2 1010 949 966 946.9 926.9 1020.3 1020 1003 1018.1 1049.6 1019 1015 1019.5 1012.5 1020 1046 1021.5 992.5 980.5 999 1006 1004 1014.5
1025 1039 1033 1035.5 1041 1042.5 1015 1042.5 1093 1112 1104.5 1091 1139.5 1147 1186 1200.5 1197.5 1180 1182 1191.5 1290 1301.5 1334.5 1315.5 1283.5 1298 1286.5 1264 1263.5 1299.5
1408.5 1401.5 1380.5 1380.5 1378 1391 1425 1410 1473 1413.5 1390 1375 1358 1343 1357.5 1370.5 1398 1373 1392.5 1439 1487 1457 1434 1415 1402.5 1412 1428 1415 1455 1445.5
1327 1365 1333 1378 1375 1361.5 1350 1353.5 1277 1209.5 1202.5 1194 1236.5 1244 1222.5 1235 1221.5 1225 1209.5 1271 1279 1259.5 1243 1210 1191.5 1190 1180 1241.5 1244.5 1225
1210.5 1195.5 1184.5 1215 1234.5 1249 1262 1245.5 1240 1279 1285 1274.5 1271 1259.5 1271 1246 1242.5 1252 1251 1237 1239 1240 1256 1247.5 1246.5 1290 1295 1321.5 1309 1293.5
AFKS
9650000000
17.65 17.6 18.025 17.55 17.415 17.555 17.605 18.3 17.505 17.49 17.295 17.15 17.4 17.99 17.5 17.6 18.075 17.79 17.765 17.73 17.585 17.65 17.75 17.635 17.385 17.4 17.58 17.445 17.69 17.48
17.56 17.4 17.35 17.19 17.33 17 17.1 17.9 18.455 18.655 18.7 18.65 19.3 19.5 19.36 19.315 19.36 19.255 19.3 19.455 19.495 17.7 19.1 19.22 19.055 19.105 19.4 19.5 19.55 19.995
20.38 21.4 21.4 21.75 21.32 21.15 21.03 21.415 21.27 21.5 21.6 21.68 21.48 21.3 21.6 21.715 21.9 21.78 22.51 22.58 23.435 23.08 23.32 23.29 23.45 23.49 23.47 23.4 23.31 23.07
20.3 20.62 20.555 20.58 20.43 20.485 20.41 20.3 20.08 20.365 20.57 20.605 20.64 20.6 20.64 20.215 19.89 20.405 20.13 19.91 19.535 19.38 19.72 19.68 19.88 19.1 18.845 19.555 19.81 19.33
21.93 21.52 22.09 22.36 22.36 22.865 23.49 23.15 22.515 22.49 22.5 22.72 22.6 22.7 22.935 22.545 22.595 22.485 22.395 22.35 22.5 22.815 23.215 22.99 23.395 23.3 23.49 23.475 23.315 23.205
LSRG
103030215
680.5 707.5 717.5 712.5 697.5 685.5 689 675.5 610 594 615 602 629 640 615 622 634 630.5 626.5 628.5 625 615 608 612 621 621.5 615.5 621 617 610.5
683 685 689.5 688 684 685 683 689 704.5 709 646.5 650 640 640 651.5 649 647.5 642 647.5 643 642 646 649 645 646 644 643 626 639 637
831 823.5 842 862 840.5 845 844.5 840.5 840.5 865 863 885 874.5 910 900.5 905.5 905 905 902.5 903.5 901 902 899 889.5 894.5 896.5 888.5 890 893 894.5
887 885.5 896 892 885.5 891.5 899.5 896 900 894.5 895 883.5 885.5 881.5 894 906.5 901.5 887 893.5 886.5 881.5 877 905 900.5 898 883 880 906 910 916
917 917.5 915 925 954 985.5 985 960.5 969 956.5 963 951 935.5 957 968 975 952 975 972.5 971.5 964.5 966.5 952 975 980 977 976.5 1001.5 1011.5 1014.5
LSNG
8523785320
2.29 2.305 2.41 2.325 2.285 2.31 2.29 2.31 2.25 2.24 2.24 2.225 2.21 2.23 2.28 2.21 2.22 2.23 2.21 2.27 2.24 2.315 2.35 2.305 2.3 2.255 2.235 2.22 2.245 2.23
3.145 3.1 3.155 3.265 3.37 3.37 3.395 3.235 3.25 3.33 3.305 3.245 3.105 3.03 3.105 3.13 3.015 2.975 3 3.025 3.045 3.035 3.14 3.05 3.045 3.01 3.015 2.995 2.945 2.895
2.865 2.89 2.94 3.045 3.025 3.045 3.05 3.13 3.125 3.075 3.075 3.12 3.115 3.105 3.1 3.145 3.13 3.37 3.665 3.78 3.75 4.1 4.16 4.165 4.185 4.295 5.08 5.395 5.59 5.705
5.475 5.335 5.245 5.255 5.18 5.22 5.18 5.165 5.195 5.16 5.21 5.16 5.385 5.39 5.3 5.205 5.035 5.22 5.18 5.14 5.245 5.39 5.35 5.245 5.195 5.035 5.01 5.075 5.045 4.98
5 4.99 4.97 5.085 5.375 5.41 5.795 5.82 5.81 5.52 5.505 5.41 5.58 5.53 5.665 5.435 5.28 5.185 5.355 5.36 5.46 5.565 5.535 5.495 5.51 5.62 5.62 5.56 5.55 5.595
LKOH
692865762
2354 2310.2 2375.2 2319.8 2225 2235.7 2213.8 2186 2070 2123 2115 2140 2269 2360 2302.5 2331 2398 2508.2 2560.5 2505 2479 2538 2538.5 2585 2457 2375.5 2375.5 2407 2421 2450
2603.5 2612 2676 2716 2725.5 2727 2765 2798.5 2785 2818.5 2820 2771 2775.5 2797.5 2885 2885 2883 2857 2809 2736 2804 2716 2698.5 2624.5 2624.5 2598 2653 2674 2705 2655.5
2690 2714 2733.5 2760 2759.5 2755 2714.5 2750 2775 2740.5 2758 2780.5 2786 2816 2852.5 2850 2850.5 2825.5 2812 2831.5 2880 2877 2878.5 2780.5 2809.5 2831 2817.5 2832.5 2805 2730
3062 3062.5 3070 3066.5 3070.5 3037 3068 3100 3120 3083.5 3070 3049.5 3052 3040.5 3030 3071.5 3093 3096 3080 3085 3089 3095 3080.5 2994 2986 3011 2968 3091 3140.5 3110
3189 3199 3285 3295 3271.5 3298 3364 3385 3357 3330 3325.5 3404 3357 3350.5 3411 3370 3347.5 3405 3418.5 3432.5 3345 3420 3445 3560 3484 3380.5 3373 3372 3387.5 3404
MTSS
1998381575
210.25 209.3 210.55 205 199.55 206.5 207 210.8 203.6 207.3 205.9 206.05 213.75 219.3 214.5 217.95 223 227.65 227 227 228.35 233 232 231.25 226.75 228.05 228.7 227.05 230.3 230.3
239 238 236.05 234.5 232.75 234.5 239.4 252 251.5 251.8 250.05 250 250.8 259 259.45 257.4 259.3 256.7 256.1 256.7 257.3 252 257.15 256.25 260 254 254 255.5 256 260.75
244 234.4 235.2 235.75 235.2 231.65 232.1 239.7 238.6 235.25 234.3 236.2 237.2 237.5 239.15 243.4 244.4 247 249 249.8 252 253.1 250.95 245.5 246.8 249.1 248.25 250.85 252.5 250
228.75 229.6 229.05 228.5 230.6 231 232.75 231.8 222.2 222 219.5 219.95 220.15 218.85 219 218.85 217.95 217.5 217 212.95 214.1 223.9 223 220.7 220 219.7 215.2 222.5 223.6 221.9
232.45 238.5 244.1 248.55 248 250.8 254.9 257.8 260.85 259.95 257.05 263.65 267 258.95 259.95 254.6 250.6 249 249.9 248.65 248.95 255.5 259.95 262.85 260.8 259.45 257 258.4 255.05 259
NVTK
3036306000
594.1 572.4 572.1 562 548.9 568.8 567.8 574.1 540.1 564.5 555.6 553 580 597.5 590 578.4 599.5 620.1 639 629 619.9 630 636 624.4 600 602 613.2 602.3 614.9 613
597 592 588 603 603.8 592.7 586.4 598.7 601.2 610 602.8 596.9 604 602.6 608 607.9 611 607.6 612 615.3 632.2 610 624 611.5 618.1 629 629 619 618.8 628
648.3 644.5 641.9 629.7 634.5 638.5 641.5 641.2 659.2 662.4 650.2 654.6 652.3 646 649 652.9 649.1 644.1 652.6 657.4 653.2 651.6 652 640 648.8 654.5 650.2 647.5 652.9 644.5
682.2 675 670.5 666.6 667.7 670.2 669.6 681.5 679.6 679.8 677 672 668.6 667.7 660.8 658.9 660.3 662.6 669.5 669 665.2 665 653.8 647 640.5 652.3 633.2 669.9 680.3 686
734.4 731 732 756.3 760.6 774.5 765.1 773.8 766 799.4 788.2 788.5 799 787 781.6 772.1 768 760.3 758.2 776.9 766 765.8 795 780 777 754 758.9 755.4 766.7 756.4
PIKK
660497344
216.6 214.5 212.7 210.9 208.9 210.1 209.3 209.4 208.9 207.3 207 206.1 210 210 210 211.9 220 215.9 211.5 213.6 209.3 209.6 215.4 210.7 207.6 210.2 208.6 208.7 207.1 208.3
252 252.9 250.7 250.2 251 252.6 250.6 248 251.4 248.2 248.6 249.6 251.5 251.4 252.5 253.4 250.2 250.3 250.6 253.2 259.8 250.1 248 250.1 251.3 252.5 255.3 252.8 251.8 252.3
251 250 249.9 248 248.5 248 244.4 250.7 248.6 249.9 248.1 246.7 245.3 245.6 248 249.1 249.5 249.9 250.4 250 250.4 250.3 249.2 249.8 251.9 251.6 252 255.4 251.8 251.9
292.6 292 290.5 290.8 290.6 291 290.2 290.2 288.4 289.6 288.3 288.5 286.6 288.9 281.4 291.2 287.1 285.7 284.5 280.4 285 285.9 294.8 280.5 278.1 280.4 278 280.9 280.2 279.9
277.9 278.8 282.9 280.7 279.1 284.8 281.7 279 278.8 275.5 277.3 274.3 269.4 276.1 280.3 284.2 282 287.1 286.1 282.2 281.9 288.6 292.6 291.9 290 287.2 288 288.6 288.7 286.7
